WORKERS: "gpu19-ib:5555","gpu20-ib:5555"
Start at Tue Feb  9 15:40:41 EET 2021
CUDA_VISIBLE_DEVICES: 0,1
Running on hosts: gpu[19-20]
Running on 2 nodes.
Running 2 tasks per node
Job id is 1092094
1: Number of devices per node: 2
2: Number of devices per node: 2
0: Number of devices per node: 2
0: 
3: Number of devices per node: 2
3: rank 3
1: rank 1
1: 
0: rank 0
2: rank 2
2: => creating model 'resnet50'
3: => creating model 'resnet50'
1: => creating model 'resnet50'
0: => creating model 'resnet50'
0: Epoch: [0][ 0/98]	4.718832969665527	0.09140992164611816	7.374794960021973	1.171875
2: Epoch: [0][ 0/98]	4.720769882202148	0.0846552848815918	7.374794960021973	1.171875
1: Epoch: [0][ 0/98]	4.729765892028809	0.09678411483764648	7.374794960021973	1.171875
3: Epoch: [0][ 0/98]	4.729496955871582	0.08513259887695312	7.374794960021973	1.171875
3: Epoch: [0][ 0/98]	0.7273207306861877	0.03994828835129738	14.17370319366455	9.765625
2: Epoch: [0][ 0/98]	0.7274532318115234	0.03954601287841797	14.17370319366455	9.765625
0: Epoch: [0][ 0/98]	0.7274200320243835	0.040872618556022644	14.17370319366455	9.765625
1: Epoch: [0][ 0/98]	0.7279368042945862	0.04230070114135742	14.17370319366455	9.765625
1: Epoch: [0][ 0/98]	0.5392126441001892	0.039305027574300766	10.597468376159668	10.18415167927742
3: Epoch: [0][ 0/98]	0.5390679240226746	0.037434667348861694	10.597468376159668	10.18415167927742
0: Epoch: [0][ 0/98]	0.5390185117721558	0.03828977420926094	10.597468376159668	10.18415167927742
2: Epoch: [0][ 0/98]	0.5392274260520935	0.037167709320783615	10.597468376159668	10.18415167927742
3: Epoch: [0][ 0/98]	0.4719304144382477	0.03650948405265808	8.544878005981445	10.464970022439957
1: Epoch: [0][ 0/98]	0.47205692529678345	0.038246139883995056	8.544878005981445	10.464970022439957
0: Epoch: [0][ 0/98]	0.4719371199607849	0.037232305854558945	8.544878005981445	10.464970022439957
2: Epoch: [0][ 0/98]	0.4720480144023895	0.03630790486931801	8.544878005981445	10.464970022439957
0: Epoch: [0][ 0/98]	0.4369778633117676	0.03666793555021286	7.31181526184082	11.01371943950653
3: Epoch: [0][ 0/98]	0.43703335523605347	0.03605743870139122	7.31181526184082	11.01371943950653
1: Epoch: [0][ 0/98]	0.43710508942604065	0.037684835493564606	7.31181526184082	11.01371943950653
2: Epoch: [0][ 0/98]	0.4370441436767578	0.035873908549547195	7.31181526184082	11.01371943950653
0: Epoch: [0][ 0/98]	0.41608381271362305	0.036344099789857864	6.544294357299805	11.577052623033524
1: Epoch: [0][ 0/98]	0.41618624329566956	0.03730238974094391	6.544294357299805	11.577052623033524
3: Epoch: [0][ 0/98]	0.4161386787891388	0.035777341574430466	6.544294357299805	11.577052623033524
2: Epoch: [0][ 0/98]	0.41614240407943726	0.03560243919491768	6.544294357299805	11.577052623033524
3: Epoch: [0][ 0/98]	0.40219664573669434	0.03558793291449547	6.024044036865234	12.333504110574722
2: Epoch: [0][ 0/98]	0.40220391750335693	0.035426780581474304	6.024044036865234	12.333504110574722
1: Epoch: [0][ 0/98]	0.40225332975387573	0.03701923042535782	6.024044036865234	12.333504110574722
0: Epoch: [0][ 0/98]	0.4022088050842285	0.03608447685837746	6.024044036865234	12.333504110574722
3: Epoch: [0][ 0/98]	0.392287939786911	0.035446807742118835	5.588084697723389	13.061179220676422
1: Epoch: [0][ 0/98]	0.39234358072280884	0.036822687834501266	5.588084697723389	13.061179220676422
2: Epoch: [0][ 0/98]	0.3923228681087494	0.03529864549636841	5.588084697723389	13.061179220676422
0: Epoch: [0][ 0/98]	0.39234834909439087	0.035890862345695496	5.588084697723389	13.061179220676422
1: Epoch: [0][ 0/98]	0.38547465205192566	0.036672767251729965	5.3539204597473145	13.732156157493591
3: Epoch: [0][ 0/98]	0.3854632079601288	0.03534451127052307	5.3539204597473145	13.732156157493591
2: Epoch: [0][ 0/98]	0.38549676537513733	0.035211727023124695	5.3539204597473145	13.732156157493591
0: Epoch: [0][ 0/98]	0.38548001646995544	0.03578702360391617	5.3539204597473145	13.732156157493591
3: Epoch: [0][ 0/98]	0.37959930300712585	0.03527350723743439	5.052529335021973	14.500343799591064
1: Epoch: [0][ 0/98]	0.37962526082992554	0.03656120225787163	5.052529335021973	14.500343799591064
0: Epoch: [0][ 0/98]	0.3796139359474182	0.035693857818841934	5.052529335021973	14.500343799591064
2: Epoch: [0][ 0/98]	0.37963777780532837	0.035142913460731506	5.052529335021973	14.500343799591064
2: Epoch 0/90 - 46.777s
1: Epoch 0/90 - 46.777s
3: Epoch 0/90 - 46.778s
0: Epoch 0/90 - 46.778s
1: Epoch: [1][ 0/98]	0.3570094108581543	0.038471221923828125	3.5182809829711914	17.578125
3: Epoch: [1][ 0/98]	0.35663747787475586	0.03804516792297363	3.5182809829711914	17.578125
2: Epoch: [1][ 0/98]	0.35787010192871094	0.03759431838989258	3.5182809829711914	17.578125
0: Epoch: [1][ 0/98]	0.3579404354095459	0.038413286209106445	3.5182809829711914	17.578125
3: Epoch: [1][ 0/98]	0.3341483771800995	0.03520534187555313	2.80633807182312	19.53125
0: Epoch: [1][ 0/98]	0.33430516719818115	0.03537817299365997	2.80633807182312	19.53125
2: Epoch: [1][ 0/98]	0.3343871235847473	0.03493155166506767	2.80633807182312	19.53125
1: Epoch: [1][ 0/98]	0.3344619572162628	0.03553691878914833	2.80633807182312	19.53125
3: Epoch: [1][ 0/98]	0.3325842320919037	0.03493361175060272	2.927889108657837	20.38690447807312
1: Epoch: [1][ 0/98]	0.33264756202697754	0.03532106429338455	2.927889108657837	20.38690447807312
2: Epoch: [1][ 0/98]	0.33271074295043945	0.0347599983215332	2.927889108657837	20.38690447807312
0: Epoch: [1][ 0/98]	0.3327072560787201	0.035136234015226364	2.927889108657837	20.38690447807312
3: Epoch: [1][ 0/98]	0.33329838514328003	0.03481558710336685	3.054448127746582	20.961441099643707
1: Epoch: [1][ 0/98]	0.3333703279495239	0.03549082204699516	3.054448127746582	20.961441099643707
0: Epoch: [1][ 0/98]	0.3333570957183838	0.03499719500541687	3.054448127746582	20.961441099643707
2: Epoch: [1][ 0/98]	0.333462119102478	0.03483143821358681	3.054448127746582	20.961441099643707
0: Epoch: [1][ 0/98]	0.33366215229034424	0.03490908071398735	3.057957410812378	21.503430604934692
1: Epoch: [1][ 0/98]	0.3336775600910187	0.0354929082095623	3.057957410812378	21.503430604934692
3: Epoch: [1][ 0/98]	0.33365508913993835	0.03475321829319	3.057957410812378	21.503430604934692
2: Epoch: [1][ 0/98]	0.3337574005126953	0.03484826534986496	3.057957410812378	21.503430604934692
3: Epoch: [1][ 0/98]	0.33254048228263855	0.034716807305812836	2.9773614406585693	22.17371314764023
0: Epoch: [1][ 0/98]	0.3325538635253906	0.03481200337409973	2.9773614406585693	22.17371314764023
1: Epoch: [1][ 0/98]	0.33257877826690674	0.0354912132024765	2.9773614406585693	22.17371314764023
2: Epoch: [1][ 0/98]	0.3326391577720642	0.034851331263780594	2.9773614406585693	22.17371314764023
3: Epoch: [1][ 0/98]	0.332955926656723	0.03468643128871918	2.928602933883667	23.053278028964996
0: Epoch: [1][ 0/98]	0.33300888538360596	0.03469443693757057	2.928602933883667	23.053278028964996
2: Epoch: [1][ 0/98]	0.3330152928829193	0.034881286323070526	2.928602933883667	23.053278028964996
1: Epoch: [1][ 0/98]	0.3330237567424774	0.03557038679718971	2.928602933883667	23.053278028964996
0: Epoch: [1][ 0/98]	0.3325355350971222	0.034782711416482925	2.912245750427246	23.806117475032806
1: Epoch: [1][ 0/98]	0.3325517177581787	0.03570326045155525	2.912245750427246	23.806117475032806
3: Epoch: [1][ 0/98]	0.3325437307357788	0.03467161953449249	2.912245750427246	23.806117475032806
2: Epoch: [1][ 0/98]	0.33256807923316956	0.034894656389951706	2.912245750427246	23.806117475032806
3: Epoch: [1][ 0/98]	0.332145094871521	0.03466314822435379	2.8836722373962402	24.599729478359222
0: Epoch: [1][ 0/98]	0.33216342329978943	0.03480255976319313	2.8836722373962402	24.599729478359222
1: Epoch: [1][ 0/98]	0.3321761190891266	0.03562500700354576	2.8836722373962402	24.599729478359222
2: Epoch: [1][ 0/98]	0.3322159945964813	0.034875765442848206	2.8836722373962402	24.599729478359222
3: Epoch: [1][ 0/98]	0.3324488401412964	0.03465988487005234	2.8691956996917725	25.309064984321594
0: Epoch: [1][ 0/98]	0.33246612548828125	0.03473438695073128	2.8691956996917725	25.309064984321594
1: Epoch: [1][ 0/98]	0.3324728012084961	0.03556046634912491	2.8691956996917725	25.309064984321594
2: Epoch: [1][ 0/98]	0.3324984014034271	0.034897495061159134	2.8691956996917725	25.309064984321594
2: Epoch 1/90 - 38.729s
1: Epoch 1/90 - 38.729s
3: Epoch 1/90 - 38.728s
0: Epoch 1/90 - 38.729s
0: Epoch: [2][ 0/98]	0.32347750663757324	0.03709602355957031	2.0230610370635986	32.2265625
3: Epoch: [2][ 0/98]	0.3244049549102783	0.037073612213134766	2.0230610370635986	32.2265625
1: Epoch: [2][ 0/98]	0.32729125022888184	0.03764653205871582	2.0230610370635986	32.2265625
2: Epoch: [2][ 0/98]	0.3273770809173584	0.03783822059631348	2.0230610370635986	32.2265625
3: Epoch: [2][ 0/98]	0.32942745089530945	0.03484483063220978	2.510469675064087	33.46945941448212
0: Epoch: [2][ 0/98]	0.32945945858955383	0.03426725044846535	2.510469675064087	33.46945941448212
1: Epoch: [2][ 0/98]	0.3295181691646576	0.03533848747611046	2.510469675064087	33.46945941448212
2: Epoch: [2][ 0/98]	0.3297816812992096	0.03541051223874092	2.510469675064087	33.46945941448212
3: Epoch: [2][ 0/98]	0.33062633872032166	0.03471776470541954	2.691716432571411	33.10081958770752
0: Epoch: [2][ 0/98]	0.3306266963481903	0.03411981090903282	2.691716432571411	33.10081958770752
1: Epoch: [2][ 0/98]	0.3306801915168762	0.03550078719854355	2.691716432571411	33.10081958770752
2: Epoch: [2][ 0/98]	0.3308505415916443	0.03537106513977051	2.691716432571411	33.10081958770752
3: Epoch: [2][ 0/98]	0.3290376663208008	0.034653011709451675	2.6849913597106934	32.938507199287415
0: Epoch: [2][ 0/98]	0.3291079103946686	0.03407789766788483	2.6849913597106934	32.938507199287415
1: Epoch: [2][ 0/98]	0.3291279077529907	0.035628512501716614	2.6849913597106934	32.938507199287415
2: Epoch: [2][ 0/98]	0.32917821407318115	0.03528989478945732	2.6849913597106934	32.938507199287415
3: Epoch: [2][ 0/98]	0.32844287157058716	0.0346415638923645	2.6226015090942383	32.85537362098694
1: Epoch: [2][ 0/98]	0.32845163345336914	0.03569008782505989	2.6226015090942383	32.85537362098694
0: Epoch: [2][ 0/98]	0.32850462198257446	0.03404843434691429	2.6226015090942383	32.85537362098694
2: Epoch: [2][ 0/98]	0.3285128176212311	0.03525804728269577	2.6226015090942383	32.85537362098694
1: Epoch: [2][ 0/98]	0.3284997344017029	0.03569674491882324	2.605914354324341	33.23759138584137
0: Epoch: [2][ 0/98]	0.3285121023654938	0.03402837738394737	2.605914354324341	33.23759138584137
3: Epoch: [2][ 0/98]	0.3285115659236908	0.034611474722623825	2.605914354324341	33.23759138584137
2: Epoch: [2][ 0/98]	0.3285674750804901	0.03521692380309105	2.605914354324341	33.23759138584137
1: Epoch: [2][ 0/98]	0.3285523056983948	0.03567483276128769	2.5960335731506348	33.63217115402222
3: Epoch: [2][ 0/98]	0.32855749130249023	0.03460187464952469	2.5960335731506348	33.63217115402222
0: Epoch: [2][ 0/98]	0.3285685181617737	0.03400808945298195	2.5960335731506348	33.63217115402222
2: Epoch: [2][ 0/98]	0.3286246061325073	0.03522323817014694	2.5960335731506348	33.63217115402222
3: Epoch: [2][ 0/98]	0.32882076501846313	0.034605368971824646	2.617769718170166	33.79731476306915
0: Epoch: [2][ 0/98]	0.3288312554359436	0.03400463983416557	2.617769718170166	33.79731476306915
1: Epoch: [2][ 0/98]	0.32882457971572876	0.03566037118434906	2.617769718170166	33.79731476306915
2: Epoch: [2][ 0/98]	0.32885441184043884	0.03517773002386093	2.617769718170166	33.79731476306915
0: Epoch: [2][ 0/98]	0.3290789723396301	0.034133926033973694	2.580712080001831	34.15316343307495
3: Epoch: [2][ 0/98]	0.3290708661079407	0.03460469841957092	2.580712080001831	34.15316343307495
1: Epoch: [2][ 0/98]	0.32907065749168396	0.035652853548526764	2.580712080001831	34.15316343307495
2: Epoch: [2][ 0/98]	0.3290782868862152	0.03512583673000336	2.580712080001831	34.15316343307495
0: Epoch: [2][ 0/98]	0.3295329809188843	0.03415888920426369	2.5408449172973633	34.383586049079895
3: Epoch: [2][ 0/98]	0.3295256793498993	0.03460739180445671	2.5408449172973633	34.383586049079895
1: Epoch: [2][ 0/98]	0.3295353949069977	0.03564394637942314	2.5408449172973633	34.383586049079895
2: Epoch: [2][ 0/98]	0.3295598328113556	0.0350976325571537	2.5408449172973633	34.383586049079895
1: Epoch 2/90 - 38.336s
2: Epoch 2/90 - 38.336s
3: Epoch 2/90 - 38.336s
0: Epoch 2/90 - 38.336s
0: Epoch: [3][ 0/98]	0.3492851257324219	0.03697991371154785	1.8476202487945557	40.8203125
3: Epoch: [3][ 0/98]	0.35004186630249023	0.03722691535949707	1.8476202487945557	40.8203125
1: Epoch: [3][ 0/98]	0.3512139320373535	0.038182735443115234	1.8476202487945557	40.8203125
2: Epoch: [3][ 0/98]	0.35309267044067383	0.044210195541381836	1.8476202487945557	40.8203125
1: Epoch: [3][ 0/98]	0.3336181640625	0.0358579158782959	2.3459651470184326	39.98579680919647
3: Epoch: [3][ 0/98]	0.333622008562088	0.03481617942452431	2.3459651470184326	39.98579680919647
0: Epoch: [3][ 0/98]	0.3335922658443451	0.03442924842238426	2.3459651470184326	39.98579680919647
2: Epoch: [3][ 0/98]	0.3338184654712677	0.0352836512029171	2.3459651470184326	39.98579680919647
3: Epoch: [3][ 0/98]	0.3316483199596405	0.034734487533569336	2.4148898124694824	39.90885317325592
1: Epoch: [3][ 0/98]	0.33171212673187256	0.03574218228459358	2.4148898124694824	39.90885317325592
0: Epoch: [3][ 0/98]	0.33175522089004517	0.034262530505657196	2.4148898124694824	39.90885317325592
2: Epoch: [3][ 0/98]	0.3318237364292145	0.034809987992048264	2.4148898124694824	39.90885317325592
3: Epoch: [3][ 0/98]	0.33102110028266907	0.034698061645030975	2.3641531467437744	40.52419364452362
0: Epoch: [3][ 0/98]	0.33105286955833435	0.03420275077223778	2.3641531467437744	40.52419364452362
1: Epoch: [3][ 0/98]	0.3310578763484955	0.035699643194675446	2.3641531467437744	40.52419364452362
2: Epoch: [3][ 0/98]	0.3311142325401306	0.03461214900016785	2.3641531467437744	40.52419364452362
0: Epoch: [3][ 0/98]	0.33045104146003723	0.03416430205106735	2.350341796875	40.29630422592163
3: Epoch: [3][ 0/98]	0.330475777387619	0.03467969223856926	2.350341796875	40.29630422592163
1: Epoch: [3][ 0/98]	0.3304766118526459	0.03565387427806854	2.350341796875	40.29630422592163
2: Epoch: [3][ 0/98]	0.33059462904930115	0.03450586646795273	2.350341796875	40.29630422592163
3: Epoch: [3][ 0/98]	0.330211877822876	0.0346597395837307	2.2738726139068604	40.94669222831726
0: Epoch: [3][ 0/98]	0.3302183449268341	0.03414946049451828	2.2738726139068604	40.94669222831726
1: Epoch: [3][ 0/98]	0.33026060461997986	0.03563733771443367	2.2738726139068604	40.94669222831726
2: Epoch: [3][ 0/98]	0.33028358221054077	0.03450991213321686	2.2738726139068604	40.94669222831726
0: Epoch: [3][ 0/98]	0.3304848074913025	0.0341351255774498	2.2521417140960693	41.19492769241333
1: Epoch: [3][ 0/98]	0.33048877120018005	0.03563545271754265	2.2521417140960693	41.19492769241333
2: Epoch: [3][ 0/98]	0.3305056691169739	0.034609127789735794	2.2521417140960693	41.19492769241333
3: Epoch: [3][ 0/98]	0.33050358295440674	0.03465348109602928	2.2521417140960693	41.19492769241333
0: Epoch: [3][ 0/98]	0.3297904431819916	0.03412437066435814	2.204529285430908	41.161420941352844
1: Epoch: [3][ 0/98]	0.32978951930999756	0.03563800826668739	2.204529285430908	41.161420941352844
3: Epoch: [3][ 0/98]	0.3297994136810303	0.03465260937809944	2.204529285430908	41.161420941352844
2: Epoch: [3][ 0/98]	0.32980817556381226	0.03468340262770653	2.204529285430908	41.161420941352844
0: Epoch: [3][ 0/98]	0.33002161979675293	0.034119002521038055	2.17645001411438	41.53163433074951
3: Epoch: [3][ 0/98]	0.33001309633255005	0.03464685007929802	2.17645001411438	41.53163433074951
1: Epoch: [3][ 0/98]	0.3300134837627411	0.035630322992801666	2.17645001411438	41.53163433074951
2: Epoch: [3][ 0/98]	0.33003127574920654	0.034766554832458496	2.17645001411438	41.53163433074951
3: Epoch: [3][ 0/98]	0.3297324478626251	0.034644342958927155	2.159625768661499	41.48351550102234
0: Epoch: [3][ 0/98]	0.3297518789768219	0.03411142900586128	2.159625768661499	41.48351550102234
1: Epoch: [3][ 0/98]	0.3297422528266907	0.035630788654088974	2.159625768661499	41.48351550102234
2: Epoch: [3][ 0/98]	0.3297945261001587	0.034811899065971375	2.159625768661499	41.48351550102234
1: Epoch 3/90 - 38.287s
2: Epoch 3/90 - 38.287s
3: Epoch 3/90 - 38.287s
0: Epoch 3/90 - 38.287s
0: Epoch: [4][ 0/98]	0.3406970500946045	0.036937713623046875	2.06762957572937	40.625
2: Epoch: [4][ 0/98]	0.34157633781433105	0.03748679161071777	2.06762957572937	40.625
3: Epoch: [4][ 0/98]	0.34157276153564453	0.03718376159667969	2.06762957572937	40.625
1: Epoch: [4][ 0/98]	0.3417191505432129	0.038257598876953125	2.06762957572937	40.625
3: Epoch: [4][ 0/98]	0.3326861560344696	0.03485681861639023	1.9891281127929688	43.02201569080353
0: Epoch: [4][ 0/98]	0.3328052759170532	0.03428192436695099	1.9891281127929688	43.02201569080353
1: Epoch: [4][ 0/98]	0.33285120129585266	0.03576016426086426	1.9891281127929688	43.02201569080353
2: Epoch: [4][ 0/98]	0.3329799473285675	0.0351378470659256	1.9891281127929688	43.02201569080353
3: Epoch: [4][ 0/98]	0.33070215582847595	0.03475911170244217	1.9338520765304565	43.9267098903656
0: Epoch: [4][ 0/98]	0.3307216167449951	0.0341624990105629	1.9338520765304565	43.9267098903656
1: Epoch: [4][ 0/98]	0.3307492434978485	0.035682134330272675	1.9338520765304565	43.9267098903656
2: Epoch: [4][ 0/98]	0.33089518547058105	0.034730084240436554	1.9338520765304565	43.9267098903656
1: Epoch: [4][ 0/98]	0.33091557025909424	0.03564884513616562	1.9940965175628662	44.606855511665344
2: Epoch: [4][ 0/98]	0.3309614062309265	0.03448306396603584	1.9940965175628662	44.606855511665344
0: Epoch: [4][ 0/98]	0.3309837877750397	0.03412530571222305	1.9940965175628662	44.606855511665344
3: Epoch: [4][ 0/98]	0.3309948146343231	0.034721650183200836	1.9940965175628662	44.606855511665344
3: Epoch: [4][ 0/98]	0.3303896486759186	0.03468422591686249	1.9545131921768188	44.926637411117554
1: Epoch: [4][ 0/98]	0.3303901255130768	0.03563443198800087	1.9545131921768188	44.926637411117554
0: Epoch: [4][ 0/98]	0.3303958773612976	0.03416089341044426	1.9545131921768188	44.926637411117554
2: Epoch: [4][ 0/98]	0.33039936423301697	0.03426912799477577	1.9545131921768188	44.926637411117554
3: Epoch: [4][ 0/98]	0.33018484711647034	0.0346626378595829	1.9377917051315308	45.09420990943909
0: Epoch: [4][ 0/98]	0.3301912844181061	0.03421813249588013	1.9377917051315308	45.09420990943909
1: Epoch: [4][ 0/98]	0.33018675446510315	0.03562372922897339	1.9377917051315308	45.09420990943909
2: Epoch: [4][ 0/98]	0.3302088677883148	0.03421735763549805	1.9377917051315308	45.09420990943909
3: Epoch: [4][ 0/98]	0.3301995098590851	0.03464025631546974	1.9076788425445557	45.25166451931
0: Epoch: [4][ 0/98]	0.33022260665893555	0.034249499440193176	1.9076788425445557	45.25166451931
1: Epoch: [4][ 0/98]	0.3302179276943207	0.035616546869277954	1.9076788425445557	45.25166451931
2: Epoch: [4][ 0/98]	0.3302537202835083	0.034189365804195404	1.9076788425445557	45.25166451931
2: Epoch: [4][ 0/98]	0.33004751801490784	0.034169409424066544	1.9062998294830322	45.51606476306915
3: Epoch: [4][ 0/98]	0.3300516903400421	0.03464270010590553	1.9062998294830322	45.51606476306915
0: Epoch: [4][ 0/98]	0.3300687372684479	0.03427177667617798	1.9062998294830322	45.51606476306915
1: Epoch: [4][ 0/98]	0.33006900548934937	0.03560766205191612	1.9062998294830322	45.51606476306915
0: Epoch: [4][ 0/98]	0.3299131989479065	0.034283995628356934	1.9132752418518066	45.71276903152466
2: Epoch: [4][ 0/98]	0.3299110531806946	0.03408762440085411	1.9132752418518066	45.71276903152466
3: Epoch: [4][ 0/98]	0.32990726828575134	0.03463757038116455	1.9132752418518066	45.71276903152466
1: Epoch: [4][ 0/98]	0.3299071788787842	0.035602983087301254	1.9132752418518066	45.71276903152466
2: Epoch: [4][ 0/98]	0.32955628633499146	0.03401690348982811	1.9007394313812256	45.84692716598511
1: Epoch: [4][ 0/98]	0.3295586407184601	0.03560831770300865	1.9007394313812256	45.84692716598511
0: Epoch: [4][ 0/98]	0.32957425713539124	0.034289706498384476	1.9007394313812256	45.84692716598511
3: Epoch: [4][ 0/98]	0.3295659124851227	0.03463798761367798	1.9007394313812256	45.84692716598511
1: Epoch 4/90 - 38.290s
2: Epoch 4/90 - 38.290s
3: Epoch 4/90 - 38.290s
0: Epoch 4/90 - 38.290s
3: Epoch: [5][ 0/98]	0.33613061904907227	0.037301063537597656	1.7952286005020142	49.8046875
0: Epoch: [5][ 0/98]	0.3370325565338135	0.03747153282165527	1.7952286005020142	49.8046875
1: Epoch: [5][ 0/98]	0.3380715847015381	0.038219451904296875	1.7952286005020142	49.8046875
2: Epoch: [5][ 0/98]	0.3392648696899414	0.036643266677856445	1.7952286005020142	49.8046875
3: Epoch: [5][ 0/98]	0.3348497152328491	0.03483390808105469	1.9128490686416626	48.70383441448212
0: Epoch: [5][ 0/98]	0.3349268436431885	0.03472796455025673	1.9128490686416626	48.70383441448212
2: Epoch: [5][ 0/98]	0.3350094258785248	0.0342227965593338	1.9128490686416626	48.70383441448212
1: Epoch: [5][ 0/98]	0.3350636661052704	0.035837218165397644	1.9128490686416626	48.70383441448212
3: Epoch: [5][ 0/98]	0.33494117856025696	0.03471752628684044	1.8178156614303589	48.70721697807312
1: Epoch: [5][ 0/98]	0.33496397733688354	0.035711128264665604	1.8178156614303589	48.70721697807312
0: Epoch: [5][ 0/98]	0.3350340723991394	0.03454070910811424	1.8178156614303589	48.70721697807312
2: Epoch: [5][ 0/98]	0.3350866436958313	0.03413086757063866	1.8178156614303589	48.70721697807312
3: Epoch: [5][ 0/98]	0.33241719007492065	0.03466863930225372	1.7217967510223389	48.92263114452362
1: Epoch: [5][ 0/98]	0.33242058753967285	0.035675931721925735	1.7217967510223389	48.92263114452362
0: Epoch: [5][ 0/98]	0.33243295550346375	0.03449104726314545	1.7217967510223389	48.92263114452362
2: Epoch: [5][ 0/98]	0.3325195610523224	0.03405497223138809	1.7217967510223389	48.92263114452362
3: Epoch: [5][ 0/98]	0.3322816491127014	0.03463692218065262	1.6729812622070312	48.971036076545715
0: Epoch: [5][ 0/98]	0.3322904109954834	0.03445964306592941	1.6729812622070312	48.971036076545715
1: Epoch: [5][ 0/98]	0.33231642842292786	0.035634662955999374	1.6729812622070312	48.971036076545715
2: Epoch: [5][ 0/98]	0.3323390483856201	0.03397759422659874	1.6729812622070312	48.971036076545715
1: Epoch: [5][ 0/98]	0.331468403339386	0.03562445193529129	1.6965709924697876	49.08854067325592
3: Epoch: [5][ 0/98]	0.3314966559410095	0.034624818712472916	1.6965709924697876	49.08854067325592
0: Epoch: [5][ 0/98]	0.331502228975296	0.0344369038939476	1.6965709924697876	49.08854067325592
2: Epoch: [5][ 0/98]	0.33154886960983276	0.03388885781168938	1.6965709924697876	49.08854067325592
0: Epoch: [5][ 0/98]	0.3306044340133667	0.034456517547369	1.7288637161254883	48.91137182712555
3: Epoch: [5][ 0/98]	0.33060136437416077	0.03462688624858856	1.7288637161254883	48.91137182712555
1: Epoch: [5][ 0/98]	0.33061155676841736	0.0356120690703392	1.7288637161254883	48.91137182712555
2: Epoch: [5][ 0/98]	0.33065083622932434	0.0338311642408371	1.7288637161254883	48.91137182712555
3: Epoch: [5][ 0/98]	0.33033567667007446	0.03462739661335945	1.7510992288589478	48.902398347854614
0: Epoch: [5][ 0/98]	0.3303435146808624	0.034428227692842484	1.7510992288589478	48.902398347854614
1: Epoch: [5][ 0/98]	0.3303367793560028	0.035616785287857056	1.7510992288589478	48.902398347854614
2: Epoch: [5][ 0/98]	0.3303779065608978	0.033781543374061584	1.7510992288589478	48.902398347854614
0: Epoch: [5][ 0/98]	0.33047372102737427	0.03437613323330879	1.7951141595840454	48.64969253540039
2: Epoch: [5][ 0/98]	0.3304789662361145	0.033796098083257675	1.7951141595840454	48.64969253540039
3: Epoch: [5][ 0/98]	0.3304723799228668	0.03462466225028038	1.7951141595840454	48.64969253540039
1: Epoch: [5][ 0/98]	0.33048737049102783	0.03561873733997345	1.7951141595840454	48.64969253540039
1: Epoch: [5][ 0/98]	0.33056360483169556	0.03561868518590927	1.8339109420776367	48.20140898227692
0: Epoch: [5][ 0/98]	0.33057907223701477	0.034335214644670486	1.8339109420776367	48.20140898227692
2: Epoch: [5][ 0/98]	0.3305816948413849	0.03385188803076744	1.8339109420776367	48.20140898227692
3: Epoch: [5][ 0/98]	0.3305780291557312	0.03461923077702522	1.8339109420776367	48.20140898227692
1: Epoch 5/90 - 38.355s
2: Epoch 5/90 - 38.355s
3: Epoch 5/90 - 38.355s
0: Epoch 5/90 - 38.355s
0: Epoch: [6][ 0/98]	0.3197295665740967	0.03680062294006348	1.8534717559814453	42.7734375
3: Epoch: [6][ 0/98]	0.3207821846008301	0.03723907470703125	1.8534717559814453	42.7734375
2: Epoch: [6][ 0/98]	0.32113003730773926	0.03749871253967285	1.8534717559814453	42.7734375
1: Epoch: [6][ 0/98]	0.32122039794921875	0.03818178176879883	1.8534717559814453	42.7734375
1: Epoch: [6][ 0/98]	0.3311075270175934	0.03581656143069267	1.7345610857009888	47.58522808551788
0: Epoch: [6][ 0/98]	0.33109551668167114	0.03429415076971054	1.7345610857009888	47.58522808551788
3: Epoch: [6][ 0/98]	0.3311518430709839	0.034855734556913376	1.7345610857009888	47.58522808551788
2: Epoch: [6][ 0/98]	0.3313978910446167	0.035192206501960754	1.7345610857009888	47.58522808551788
0: Epoch: [6][ 0/98]	0.33139947056770325	0.034118130803108215	1.7880995273590088	47.53534197807312
3: Epoch: [6][ 0/98]	0.33142656087875366	0.03473963215947151	1.7880995273590088	47.53534197807312
1: Epoch: [6][ 0/98]	0.33143502473831177	0.03572053089737892	1.7880995273590088	47.53534197807312
2: Epoch: [6][ 0/98]	0.3314592242240906	0.03505580872297287	1.7880995273590088	47.53534197807312
0: Epoch: [6][ 0/98]	0.32995808124542236	0.034022439271211624	1.9471614360809326	47.64994978904724
1: Epoch: [6][ 0/98]	0.3299807012081146	0.03568334877490997	1.9471614360809326	47.64994978904724
3: Epoch: [6][ 0/98]	0.32999253273010254	0.03471209108829498	1.9471614360809326	47.64994978904724
2: Epoch: [6][ 0/98]	0.33006855845451355	0.03502410277724266	1.9471614360809326	47.64994978904724
1: Epoch: [6][ 0/98]	0.33062413334846497	0.03567369282245636	1.9628766775131226	47.618138790130615
3: Epoch: [6][ 0/98]	0.3306330144405365	0.03470500558614731	1.9628766775131226	47.618138790130615
0: Epoch: [6][ 0/98]	0.33064964413642883	0.03400225192308426	1.9628766775131226	47.618138790130615
2: Epoch: [6][ 0/98]	0.3306886851787567	0.03500736504793167	1.9628766775131226	47.618138790130615
1: Epoch: [6][ 0/98]	0.32981428503990173	0.03565385192632675	1.9632568359375	47.575828433036804
0: Epoch: [6][ 0/98]	0.32983413338661194	0.03398275002837181	1.9632568359375	47.575828433036804
3: Epoch: [6][ 0/98]	0.3298407793045044	0.034686461091041565	1.9632568359375	47.575828433036804
2: Epoch: [6][ 0/98]	0.3298671245574951	0.03488367050886154	1.9632568359375	47.575828433036804
0: Epoch: [6][ 0/98]	0.32991331815719604	0.033972300589084625	1.9607620239257812	47.451332211494446
3: Epoch: [6][ 0/98]	0.3299207091331482	0.03466483950614929	1.9607620239257812	47.451332211494446
1: Epoch: [6][ 0/98]	0.32993748784065247	0.035638172179460526	1.9607620239257812	47.451332211494446
2: Epoch: [6][ 0/98]	0.3299640715122223	0.03482099622488022	1.9607620239257812	47.451332211494446
0: Epoch: [6][ 0/98]	0.32958388328552246	0.0339508056640625	1.9360439777374268	47.249120473861694
1: Epoch: [6][ 0/98]	0.3295864462852478	0.035631213337183	1.9360439777374268	47.249120473861694
3: Epoch: [6][ 0/98]	0.32959192991256714	0.03466024249792099	1.9360439777374268	47.249120473861694
2: Epoch: [6][ 0/98]	0.32963207364082336	0.03477054089307785	1.9360439777374268	47.249120473861694
3: Epoch: [6][ 0/98]	0.3294999301433563	0.034655507653951645	1.941019892692566	47.03655540943146
2: Epoch: [6][ 0/98]	0.32951316237449646	0.03472954407334328	1.941019892692566	47.03655540943146
0: Epoch: [6][ 0/98]	0.32951417565345764	0.03393693268299103	1.941019892692566	47.03655540943146
1: Epoch: [6][ 0/98]	0.32952752709388733	0.03562801331281662	1.941019892692566	47.03655540943146
0: Epoch: [6][ 0/98]	0.32960930466651917	0.033929403871297836	1.912217140197754	47.09177613258362
3: Epoch: [6][ 0/98]	0.3296140432357788	0.03465588390827179	1.912217140197754	47.09177613258362
1: Epoch: [6][ 0/98]	0.32961997389793396	0.03562752529978752	1.912217140197754	47.09177613258362
2: Epoch: [6][ 0/98]	0.32963594794273376	0.03469817340373993	1.912217140197754	47.09177613258362
1: Epoch 6/90 - 38.298s
2: Epoch 6/90 - 38.298s
3: Epoch 6/90 - 38.298s
0: Epoch 6/90 - 38.298s
0: Epoch: [7][ 0/98]	0.33431220054626465	0.036834001541137695	1.6546001434326172	42.578125
2: Epoch: [7][ 0/98]	0.3354513645172119	0.03757977485656738	1.6546001434326172	42.578125
3: Epoch: [7][ 0/98]	0.3356947898864746	0.037589311599731445	1.6546001434326172	42.578125
1: Epoch: [7][ 0/98]	0.3364987373352051	0.03825640678405762	1.6546001434326172	42.578125
3: Epoch: [7][ 0/98]	0.329645574092865	0.03459542617201805	1.8322871923446655	48.49076569080353
0: Epoch: [7][ 0/98]	0.32966193556785583	0.034163735806941986	1.8322871923446655	48.49076569080353
1: Epoch: [7][ 0/98]	0.329750657081604	0.03587360680103302	1.8322871923446655	48.49076569080353
2: Epoch: [7][ 0/98]	0.32979461550712585	0.03491596877574921	1.8322871923446655	48.49076569080353
0: Epoch: [7][ 0/98]	0.32946115732192993	0.0340379998087883	1.7319509983062744	49.609375
3: Epoch: [7][ 0/98]	0.3294958472251892	0.03436429053544998	1.7319509983062744	49.609375
1: Epoch: [7][ 0/98]	0.32955265045166016	0.03572285920381546	1.7319509983062744	49.609375
2: Epoch: [7][ 0/98]	0.32966023683547974	0.0352303646504879	1.7319509983062744	49.609375
0: Epoch: [7][ 0/98]	0.32850757241249084	0.03399558365345001	1.7080912590026855	49.836188554763794
3: Epoch: [7][ 0/98]	0.32854658365249634	0.034334659576416016	1.7080912590026855	49.836188554763794
2: Epoch: [7][ 0/98]	0.32854852080345154	0.035049039870500565	1.7080912590026855	49.836188554763794
1: Epoch: [7][ 0/98]	0.3285720944404602	0.03568077087402344	1.7080912590026855	49.836188554763794
0: Epoch: [7][ 0/98]	0.3299447000026703	0.03400854766368866	1.6905975341796875	50.05716681480408
3: Epoch: [7][ 0/98]	0.32996636629104614	0.03431091830134392	1.6905975341796875	50.05716681480408
1: Epoch: [7][ 0/98]	0.32995206117630005	0.03565875440835953	1.6905975341796875	50.05716681480408
2: Epoch: [7][ 0/98]	0.33004724979400635	0.03495336323976517	1.6905975341796875	50.05716681480408
3: Epoch: [7][ 0/98]	0.3298603594303131	0.03428352624177933	1.6709681749343872	50.2565860748291
1: Epoch: [7][ 0/98]	0.3298666477203369	0.03565018251538277	1.6709681749343872	50.2565860748291
0: Epoch: [7][ 0/98]	0.32988032698631287	0.03398124873638153	1.6709681749343872	50.2565860748291
2: Epoch: [7][ 0/98]	0.3299243450164795	0.034890271723270416	1.6709681749343872	50.2565860748291
0: Epoch: [7][ 0/98]	0.32918107509613037	0.033947888761758804	1.6630862951278687	50.33619403839111
3: Epoch: [7][ 0/98]	0.3291906416416168	0.03426634147763252	1.6630862951278687	50.33619403839111
2: Epoch: [7][ 0/98]	0.32919952273368835	0.034819893538951874	1.6630862951278687	50.33619403839111
1: Epoch: [7][ 0/98]	0.3292175531387329	0.03563937544822693	1.6630862951278687	50.33619403839111
3: Epoch: [7][ 0/98]	0.32902252674102783	0.034250304102897644	1.6585088968276978	50.66296458244324
0: Epoch: [7][ 0/98]	0.3290281891822815	0.033950358629226685	1.6585088968276978	50.66296458244324
1: Epoch: [7][ 0/98]	0.3290598392486572	0.03564373031258583	1.6585088968276978	50.66296458244324
2: Epoch: [7][ 0/98]	0.32909077405929565	0.034761782735586166	1.6585088968276978	50.66296458244324
3: Epoch: [7][ 0/98]	0.32863885164260864	0.03424389287829399	1.6595070362091064	50.85117816925049
1: Epoch: [7][ 0/98]	0.32864081859588623	0.0356409028172493	1.6595070362091064	50.85117816925049
0: Epoch: [7][ 0/98]	0.32865774631500244	0.03393625468015671	1.6595070362091064	50.85117816925049
2: Epoch: [7][ 0/98]	0.3286745548248291	0.034722503274679184	1.6595070362091064	50.85117816925049
3: Epoch: [7][ 0/98]	0.32845979928970337	0.03424064815044403	1.6581976413726807	50.92076063156128
0: Epoch: [7][ 0/98]	0.3284670114517212	0.033929500728845596	1.6581976413726807	50.92076063156128
1: Epoch: [7][ 0/98]	0.3284662067890167	0.03564108908176422	1.6581976413726807	50.92076063156128
2: Epoch: [7][ 0/98]	0.3285031318664551	0.034694746136665344	1.6581976413726807	50.92076063156128
1: Epoch 7/90 - 38.177s
2: Epoch 7/90 - 38.177s
3: Epoch 7/90 - 38.177s
0: Epoch 7/90 - 38.177s
1: Epoch: [8][ 0/98]	0.3363046646118164	0.03828930854797363	1.5748870372772217	50.1953125
3: Epoch: [8][ 0/98]	0.33730268478393555	0.03747749328613281	1.5748870372772217	50.1953125
0: Epoch: [8][ 0/98]	0.33696913719177246	0.03685426712036133	1.5748870372772217	50.1953125
2: Epoch: [8][ 0/98]	0.3405282497406006	0.037633657455444336	1.5748870372772217	50.1953125
3: Epoch: [8][ 0/98]	0.3309207260608673	0.03456698730587959	2.053886651992798	49.36079680919647
0: Epoch: [8][ 0/98]	0.33087825775146484	0.03438214957714081	2.053886651992798	49.36079680919647
1: Epoch: [8][ 0/98]	0.33092546463012695	0.03587633743882179	2.053886651992798	49.36079680919647
2: Epoch: [8][ 0/98]	0.3310214579105377	0.03500797599554062	2.053886651992798	49.36079680919647
0: Epoch: [8][ 0/98]	0.3290588855743408	0.034142572432756424	1.9931213855743408	49.13504421710968
3: Epoch: [8][ 0/98]	0.32909345626831055	0.03443111851811409	1.9931213855743408	49.13504421710968
1: Epoch: [8][ 0/98]	0.32907480001449585	0.03577359393239021	1.9931213855743408	49.13504421710968
2: Epoch: [8][ 0/98]	0.3292704224586487	0.03496580943465233	1.9931213855743408	49.13504421710968
0: Epoch: [8][ 0/98]	0.329383909702301	0.03407086804509163	1.9255019426345825	49.06753897666931
3: Epoch: [8][ 0/98]	0.3294156491756439	0.034351933747529984	1.9255019426345825	49.06753897666931
1: Epoch: [8][ 0/98]	0.3294115662574768	0.03572284057736397	1.9255019426345825	49.06753897666931
2: Epoch: [8][ 0/98]	0.32953324913978577	0.03490672633051872	1.9255019426345825	49.06753897666931
0: Epoch: [8][ 0/98]	0.3292100429534912	0.03401153162121773	1.8461050987243652	49.18540418148041
3: Epoch: [8][ 0/98]	0.3292297124862671	0.03432346507906914	1.8461050987243652	49.18540418148041
1: Epoch: [8][ 0/98]	0.32922282814979553	0.035689983516931534	1.8461050987243652	49.18540418148041
2: Epoch: [8][ 0/98]	0.32925182580947876	0.03485970199108124	1.8461050987243652	49.18540418148041
0: Epoch: [8][ 0/98]	0.32879358530044556	0.03399200364947319	1.8019795417785645	49.71277713775635
3: Epoch: [8][ 0/98]	0.3288089632987976	0.03427925333380699	1.8019795417785645	49.71277713775635
1: Epoch: [8][ 0/98]	0.3287998139858246	0.035671416670084	1.8019795417785645	49.71277713775635
2: Epoch: [8][ 0/98]	0.32882049679756165	0.03478892147541046	1.8019795417785645	49.71277713775635
1: Epoch: [8][ 0/98]	0.328904390335083	0.03565705940127373	1.752250075340271	50.1024603843689
0: Epoch: [8][ 0/98]	0.32891443371772766	0.0339791476726532	1.752250075340271	50.1024603843689
3: Epoch: [8][ 0/98]	0.3289296627044678	0.03425997495651245	1.752250075340271	50.1024603843689
2: Epoch: [8][ 0/98]	0.3289351761341095	0.03468065708875656	1.752250075340271	50.1024603843689
1: Epoch: [8][ 0/98]	0.32835185527801514	0.03564716503024101	1.7379451990127563	50.178807973861694
3: Epoch: [8][ 0/98]	0.32837748527526855	0.03424721211194992	1.7379451990127563	50.178807973861694
0: Epoch: [8][ 0/98]	0.3283769190311432	0.03396787866950035	1.7379451990127563	50.178807973861694
2: Epoch: [8][ 0/98]	0.32842743396759033	0.03461508825421333	1.7379451990127563	50.178807973861694
1: Epoch: [8][ 0/98]	0.32875680923461914	0.03564125671982765	1.7228295803070068	50.37856698036194
0: Epoch: [8][ 0/98]	0.328769713640213	0.03397287055850029	1.7228295803070068	50.37856698036194
3: Epoch: [8][ 0/98]	0.328780859708786	0.03424730896949768	1.7228295803070068	50.37856698036194
2: Epoch: [8][ 0/98]	0.328787237405777	0.034558042883872986	1.7228295803070068	50.37856698036194
1: Epoch: [8][ 0/98]	0.3288540244102478	0.03563012555241585	1.712467074394226	50.61383843421936
2: Epoch: [8][ 0/98]	0.3288845717906952	0.03451837971806526	1.712467074394226	50.61383843421936
3: Epoch: [8][ 0/98]	0.3288845717906952	0.03425348177552223	1.712467074394226	50.61383843421936
0: Epoch: [8][ 0/98]	0.3288818299770355	0.03401646018028259	1.712467074394226	50.61383843421936
1: Epoch 8/90 - 38.304s
2: Epoch 8/90 - 38.304s
3: Epoch 8/90 - 38.304s
0: Epoch 8/90 - 38.304s
0: Epoch: [9][ 0/98]	0.32957935333251953	0.03663158416748047	1.4130909442901611	51.7578125
3: Epoch: [9][ 0/98]	0.3311045169830322	0.038268089294433594	1.4130909442901611	51.7578125
1: Epoch: [9][ 0/98]	0.33132410049438477	0.03831934928894043	1.4130909442901611	51.7578125
2: Epoch: [9][ 0/98]	0.3339211940765381	0.03736233711242676	1.4130909442901611	51.7578125
0: Epoch: [9][ 0/98]	0.32829272747039795	0.034214865416288376	1.5399284362792969	52.59233117103577
1: Epoch: [9][ 0/98]	0.32834628224372864	0.03589630126953125	1.5399284362792969	52.59233117103577
2: Epoch: [9][ 0/98]	0.3283829092979431	0.034537360072135925	1.5399284362792969	52.59233117103577
3: Epoch: [9][ 0/98]	0.32840755581855774	0.035003531724214554	1.5399284362792969	52.59233117103577
3: Epoch: [9][ 0/98]	0.32913580536842346	0.03468175232410431	1.5956965684890747	52.3065447807312
0: Epoch: [9][ 0/98]	0.32912659645080566	0.03407324105501175	1.5956965684890747	52.3065447807312
1: Epoch: [9][ 0/98]	0.3291683793067932	0.03577973693609238	1.5956965684890747	52.3065447807312
2: Epoch: [9][ 0/98]	0.32925674319267273	0.03437846153974533	1.5956965684890747	52.3065447807312
1: Epoch: [9][ 0/98]	0.32946065068244934	0.035731490701436996	1.6384360790252686	52.13583707809448
0: Epoch: [9][ 0/98]	0.32948020100593567	0.03400649502873421	1.6384360790252686	52.13583707809448
3: Epoch: [9][ 0/98]	0.32957014441490173	0.034520335495471954	1.6384360790252686	52.13583707809448
2: Epoch: [9][ 0/98]	0.3296138644218445	0.03430112078785896	1.6384360790252686	52.13583707809448
1: Epoch: [9][ 0/98]	0.3293311297893524	0.03570486977696419	1.7248276472091675	51.74351930618286
3: Epoch: [9][ 0/98]	0.3293488621711731	0.03441554680466652	1.7248276472091675	51.74351930618286
2: Epoch: [9][ 0/98]	0.32935598492622375	0.03426462784409523	1.7248276472091675	51.74351930618286
0: Epoch: [9][ 0/98]	0.32935434579849243	0.0339648611843586	1.7248276472091675	51.74351930618286
1: Epoch: [9][ 0/98]	0.32959264516830444	0.03567586839199066	1.781496524810791	51.420801877975464
3: Epoch: [9][ 0/98]	0.3296172618865967	0.0343949981033802	1.781496524810791	51.420801877975464
0: Epoch: [9][ 0/98]	0.3296152651309967	0.0339677669107914	1.781496524810791	51.420801877975464
2: Epoch: [9][ 0/98]	0.32967275381088257	0.03424155339598656	1.781496524810791	51.420801877975464
1: Epoch: [9][ 0/98]	0.32906681299209595	0.03566519170999527	1.8008249998092651	51.197487115859985
2: Epoch: [9][ 0/98]	0.3290953040122986	0.03423742204904556	1.8008249998092651	51.197487115859985
3: Epoch: [9][ 0/98]	0.3290950357913971	0.034355901181697845	1.8008249998092651	51.197487115859985
0: Epoch: [9][ 0/98]	0.32909953594207764	0.03395958989858627	1.8008249998092651	51.197487115859985
0: Epoch: [9][ 0/98]	0.3290551006793976	0.03395022079348564	1.7849204540252686	51.479971408843994
3: Epoch: [9][ 0/98]	0.329073965549469	0.03432812914252281	1.7849204540252686	51.479971408843994
1: Epoch: [9][ 0/98]	0.3290582299232483	0.03566183149814606	1.7849204540252686	51.479971408843994
2: Epoch: [9][ 0/98]	0.32909438014030457	0.03423013165593147	1.7849204540252686	51.479971408843994
0: Epoch: [9][ 0/98]	0.32910165190696716	0.03394690155982971	1.7651535272598267	51.516687870025635
1: Epoch: [9][ 0/98]	0.32909220457077026	0.03565536066889763	1.7651535272598267	51.516687870025635
3: Epoch: [9][ 0/98]	0.329115629196167	0.03430589288473129	1.7651535272598267	51.516687870025635
2: Epoch: [9][ 0/98]	0.3291173577308655	0.034239187836647034	1.7651535272598267	51.516687870025635
0: Epoch: [9][ 0/98]	0.3289742171764374	0.03395319730043411	1.7394750118255615	51.70201063156128
3: Epoch: [9][ 0/98]	0.32898595929145813	0.03428839147090912	1.7394750118255615	51.70201063156128
1: Epoch: [9][ 0/98]	0.32897326350212097	0.03564789146184921	1.7394750118255615	51.70201063156128
2: Epoch: [9][ 0/98]	0.32900092005729675	0.0342351496219635	1.7394750118255615	51.70201063156128
1: Epoch 9/90 - 38.303s
2: Epoch 9/90 - 38.303s
3: Epoch 9/90 - 38.303s
