WORKERS: "gpu03-ib:5555"
Start at Wed Jan 27 01:05:15 EET 2021
CUDA_VISIBLE_DEVICES: 0
Running on hosts: gpu03
Running on 1 nodes.
Running 1 tasks per node
Job id is 1082609
0: => creating model 'resnet50'
0:  * Loss 7.551 Acc@1 0.000 Acc@5 0.000
0: Epoch: [0][   0/1563]	Time  2.769 ( 2.769)	Data  0.125 ( 0.125)	Loss 7.5512e+00 (7.5512e+00)	Acc@1   0.00 (  0.00)	Acc@5   0.00 (  0.00)
0:  * Loss 7.481 Acc@1 0.000 Acc@5 0.000
0:  * Loss 7.279 Acc@1 0.000 Acc@5 0.000
0:  * Loss 7.087 Acc@1 0.781 Acc@5 0.781
0:  * Loss 6.848 Acc@1 1.250 Acc@5 4.375
0:  * Loss 6.505 Acc@1 4.688 Acc@5 11.458
0:  * Loss 6.198 Acc@1 6.250 Acc@5 17.411
0:  * Loss 5.885 Acc@1 6.250 Acc@5 22.266
0:  * Loss 5.602 Acc@1 5.903 Acc@5 25.000
0:  * Loss 5.369 Acc@1 6.250 Acc@5 26.875
0:  * Loss 5.126 Acc@1 6.534 Acc@5 28.977
0:  * Loss 4.907 Acc@1 7.552 Acc@5 31.510
0:  * Loss 4.722 Acc@1 7.933 Acc@5 33.894
0:  * Loss 4.573 Acc@1 8.036 Acc@5 34.821
0:  * Loss 4.438 Acc@1 8.125 Acc@5 36.458
0:  * Loss 4.340 Acc@1 8.398 Acc@5 37.305
0:  * Loss 4.260 Acc@1 8.272 Acc@5 37.500
0:  * Loss 4.159 Acc@1 8.507 Acc@5 38.889
0:  * Loss 4.075 Acc@1 8.717 Acc@5 39.803
0:  * Loss 4.013 Acc@1 8.906 Acc@5 39.844
0:  * Loss 3.950 Acc@1 8.482 Acc@5 39.881
0:  * Loss 3.895 Acc@1 8.523 Acc@5 40.909
0:  * Loss 3.836 Acc@1 8.696 Acc@5 41
0: .576
0:  * Loss 3.783 Acc@1 8.854 Acc@5 41.797
0:  * Loss 3.732 Acc@1 9.125 Acc@5 42.875
0:  * Loss 3.695 Acc@1 9.014 Acc@5 43.269
0:  * Loss 3.675 Acc@1 9.375 Acc@5 43.056
0:  * Loss 3.633 Acc@1 9.710 Acc@5 43.527
0:  * Loss 3.592 Acc@1 9.591 Acc@5 44.504
0:  * Loss 3.553 Acc@1 9.583 Acc@5 45.104
0:  * Loss 3.525 Acc@1 9.778 Acc@5 45.464
0:  * Loss 3.499 Acc@1 9.668 Acc@5 45.801
0:  * Loss 3.468 Acc@1 9.754 Acc@5 46.307
0:  * Loss 3.452 Acc@1 9.743 Acc@5 46.507
0:  * Loss 3.437 Acc@1 9.554 Acc@5 46.518
0:  * Loss 3.420 Acc@1 9.635 Acc@5 46.875
0:  * Loss 3.393 Acc@1 10.051 Acc@5 47.382
0:  * Loss 3.368 Acc@1 10.362 Acc@5 47.780
0:  * Loss 3.343 Acc@1 10.417 Acc@5 48.478
0:  * Loss 3.328 Acc@1 10.312 Acc@5 48.672
0:  * Loss 3.305 Acc@1 10.442 Acc@5 49.238
0:  * Loss 3.288 Acc@1 10.491 Acc@5 49.777
0:  * Loss 3.280 Acc@1 10.465 Acc@5 49.855
0:  * Loss 3.273 Acc@1 10.511 Acc@5 49.858
0:  * Loss 3.247 Acc@1 10.694 Acc@5 50.486
0:  * Loss 3.229 Acc@1 10.598 Acc@5 50.679
0:  * Loss 3.214 Acc@1 10.638 Acc@5 50.731
0:  * Loss 3.207 Acc@1 10.742 Acc@5 50.781
0:  * Loss 3.195 Acc@1 10.842 Acc@5
0:  51.212
0:  * Loss 3.180 Acc@1 11.000 Acc@5 51.438
0:  * Loss 3.171 Acc@1 11.213 Acc@5 51.471
0:  * Loss 3.165 Acc@1 11.118 Acc@5 51.803
0:  * Loss 3.153 Acc@1 11.026 Acc@5 52.123
0:  * Loss 3.150 Acc@1 10.938 Acc@5 51.794
0:  * Loss 3.144 Acc@1 10.966 Acc@5 51.761
0:  * Loss 3.140 Acc@1 10.993 Acc@5 51.730
0:  * Loss 3.129 Acc@1 11.075 Acc@5 51.974
0:  * Loss 3.123 Acc@1 11.045 Acc@5 51.886
0:  * Loss 3.118 Acc@1 11.176 Acc@5 52.013
0:  * Loss 3.109 Acc@1 11.146 Acc@5 52.188
0:  * Loss 3.094 Acc@1 11.424 Acc@5 52.561
0:  * Loss 3.087 Acc@1 11.341 Acc@5 52.772
0:  * Loss 3.081 Acc@1 11.260 Acc@5 52.927
0:  * Loss 3.077 Acc@1 11.279 Acc@5 53.027
0:  * Loss 3.071 Acc@1 11.346 Acc@5 53.029
0:  * Loss 3.059 Acc@1 11.411 Acc@5 53.362
0:  * Loss 3.052 Acc@1 11.381 Acc@5 53.358
0:  * Loss 3.040 Acc@1 11.443 Acc@5 53.447
0:  * Loss 3.025 Acc@1 11.821 Acc@5 53.804
0:  * Loss 3.026 Acc@1 11.875 Acc@5 53.795
0:  * Loss 3.020 Acc@1 11.796 Acc@5 53.785
0:  * Loss 3.010 Acc@1 11.849 Acc@5 54.080
0:  * Loss 3.003 Acc@1 11.901 Acc@5 54.110
0:  * Loss 2.995 Acc@1 11.951 Acc@5 54.476
0:  * Loss 2.988 Ac
0: c@1 11.917 Acc@5 54.542
0:  * Loss 2.979 Acc@1 12.007 Acc@5 54.893
0:  * Loss 2.974 Acc@1 12.135 Acc@5 55.073
0:  * Loss 2.967 Acc@1 12.220 Acc@5 55.208
0:  * Loss 2.959 Acc@1 12.223 Acc@5 55.419
0:  * Loss 2.950 Acc@1 12.344 Acc@5 55.586
0:  * Loss 2.942 Acc@1 12.423 Acc@5 55.748
0:  * Loss 2.936 Acc@1 12.424 Acc@5 55.869
0:  * Loss 2.927 Acc@1 12.538 Acc@5 55.911
0:  * Loss 2.923 Acc@1 12.500 Acc@5 56.064
0:  * Loss 2.926 Acc@1 12.647 Acc@5 56.140
0:  * Loss 2.921 Acc@1 12.718 Acc@5 56.068
0:  * Loss 2.911 Acc@1 12.823 Acc@5 56.430
0:  * Loss 2.903 Acc@1 13.033 Acc@5 56.783
0:  * Loss 2.896 Acc@1 13.132 Acc@5 56.812
0:  * Loss 2.891 Acc@1 13.229 Acc@5 56.806
0:  * Loss 2.885 Acc@1 13.324 Acc@5 56.902
0:  * Loss 2.882 Acc@1 13.315 Acc@5 57.099
0:  * Loss 2.880 Acc@1 13.239 Acc@5 57.124
0:  * Loss 2.876 Acc@1 13.231 Acc@5 57.247
0:  * Loss 2.874 Acc@1 13.257 Acc@5 57.138
0:  * Loss 2.866 Acc@1 13.379 Acc@5 57.324
0:  * Loss 2.859 Acc@1 13.402 Acc@5 57.506
0:  * Loss 2.857 Acc@1 13.489 Acc@5 57.653
0:  * Loss 2.855 Acc@1 13.479 Acc@5 57.607
0:  * Loss 2.858 Acc@1 13.562 Acc@5 57.719
0:  * Loss 2.854 Acc@1 13.583 Acc@5 57.890
0:  * Loss 2.854 Acc@1 13.603 Acc@5 57.935
0:  * Loss 2.853 Acc@1 13.592 Acc@5 57.949
0:  * Loss 2.847 Acc@1 13.732 Acc@5 57.993
0:  * Loss 2.845 Acc@1 13.690 Acc@5 58.036
0:  * Loss 2.841 Acc@1 13.679 Acc@5 58.166
0:  * Loss 2.836 Acc@1 13.785 Acc@5 58.324
0:  * Loss 2.832 Acc@1 13.773 Acc@5 58.333
0:  * Loss 2.830 Acc@1 13.761 Acc@5 58.372
0:  * Loss 2.828 Acc@1 13.807 Acc@5 58.466
0:  * Loss 2.827 Acc@1 13.767 Acc@5 58.502
0:  * Loss 2.824 Acc@1 13.839 Acc@5 58.482
0:  * Loss 2.819 Acc@1 13.827 Acc@5 58.656
0:  * Loss 2.820 Acc@1 13.734 Acc@5 58.690
0:  * Loss 2.813 Acc@1 13.859 Acc@5 58.913
0:  * Loss 2.808 Acc@1 14.009 Acc@5 59.079
0:  * Loss 2.805 Acc@1 14.049 Acc@5 59.135
0:  * Loss 2.802 Acc@1 14.089 Acc@5 59.190
0:  * Loss 2.800 Acc@1 14.102 Acc@5 59.139
0:  * Loss 2.795 Acc@1 14.193 Acc@5 59.271
0:  * Loss 2.791 Acc@1 14.308 Acc@5 59.375
0:  * Loss 2.789 Acc@1 14.293 Acc@5 59.401
0:  * Loss 2.786 Acc@1 14.329 Acc@5 59.502
0:  * Loss 2.782 Acc@1 14.315 Acc@5 59.627
0:  * Loss 2.777 Acc@1 14.350 Acc@5 59.725
0:  * Loss 2.776 Acc@1 14.3
0: 35 Acc@5 59.648
0:  * Loss 2.774 Acc@1 14.345 Acc@5 59.695
0:  * Loss 2.770 Acc@1 14.429 Acc@5 59.741
0:  * Loss 2.767 Acc@1 14.559 Acc@5 59.787
0:  * Loss 2.766 Acc@1 14.567 Acc@5 59.760
0:  * Loss 2.763 Acc@1 14.623 Acc@5 59.852
0:  * Loss 2.760 Acc@1 14.725 Acc@5 59.896
0:  * Loss 2.757 Acc@1 14.756 Acc@5 59.939
0:  * Loss 2.755 Acc@1 14.762 Acc@5 59.958
0:  * Loss 2.753 Acc@1 14.769 Acc@5 60.023
0:  * Loss 2.751 Acc@1 14.821 Acc@5 60.110
0:  * Loss 2.746 Acc@1 14.964 Acc@5 60.173
0:  * Loss 2.742 Acc@1 14.991 Acc@5 60.326
0:  * Loss 2.742 Acc@1 15.018 Acc@5 60.364
0:  * Loss 2.740 Acc@1 15.000 Acc@5 60.513
0:  * Loss 2.739 Acc@1 14.960 Acc@5 60.483
0:  * Loss 2.736 Acc@1 14.965 Acc@5 60.607
0:  * Loss 2.734 Acc@1 15.035 Acc@5 60.686
0:  * Loss 2.734 Acc@1 15.061 Acc@5 60.764
0:  * Loss 2.737 Acc@1 15.043 Acc@5 60.668
0:  * Loss 2.734 Acc@1 15.090 Acc@5 60.702
0:  * Loss 2.731 Acc@1 15.115 Acc@5 60.757
0:  * Loss 2.729 Acc@1 15.139 Acc@5 60.769
0:  * Loss 2.727 Acc@1 15.164 Acc@5 60.780
0:  * Loss 2.726 Acc@1 15.167 Acc@5 60.792
0:  * Loss 2.726 Acc@1 15.211 Acc@5 60.741
0:  * Loss 
0: 2.723 Acc@1 15.296 Acc@5 60.896
0:  * Loss 2.721 Acc@1 15.319 Acc@5 60.948
0:  * Loss 2.719 Acc@1 15.381 Acc@5 60.998
0:  * Loss 2.717 Acc@1 15.383 Acc@5 61.008
0:  * Loss 2.714 Acc@1 15.365 Acc@5 61.118
0:  * Loss 2.712 Acc@1 15.366 Acc@5 61.166
0:  * Loss 2.709 Acc@1 15.368 Acc@5 61.175
0:  * Loss 2.708 Acc@1 15.369 Acc@5 61.144
0:  * Loss 2.704 Acc@1 15.410 Acc@5 61.230
0:  * Loss 2.700 Acc@1 15.431 Acc@5 61.355
0:  * Loss 2.700 Acc@1 15.471 Acc@5 61.439
0:  * Loss 2.696 Acc@1 15.548 Acc@5 61.541
0:  * Loss 2.697 Acc@1 15.530 Acc@5 61.566
0:  * Loss 2.693 Acc@1 15.606 Acc@5 61.686
0:  * Loss 2.689 Acc@1 15.587 Acc@5 61.841
0:  * Loss 2.687 Acc@1 15.681 Acc@5 61.957
0:  * Loss 2.689 Acc@1 15.625 Acc@5 61.868
0:  * Loss 2.687 Acc@1 15.625 Acc@5 61.964
0:  * Loss 2.685 Acc@1 15.625 Acc@5 62.022
0:  * Loss 2.682 Acc@1 15.643 Acc@5 62.153
0:  * Loss 2.677 Acc@1 15.825 Acc@5 62.282
0:  * Loss 2.678 Acc@1 15.896 Acc@5 62.355
0:  * Loss 2.678 Acc@1 15.948 Acc@5 62.374
0:  * Loss 2.676 Acc@1 16.000 Acc@5 62.446
0:  * Loss 2.676 Acc@1 16.016 Acc@5 62.429
0:  * Loss 2.676 Acc@1 16.066 Acc@5
0:  62.500
0:  * Loss 2.675 Acc@1 16.046 Acc@5 62.570
0:  * Loss 2.672 Acc@1 16.096 Acc@5 62.640
0:  * Loss 2.671 Acc@1 16.146 Acc@5 62.691
0:  * Loss 2.668 Acc@1 16.177 Acc@5 62.811
0:  * Loss 2.668 Acc@1 16.209 Acc@5 62.826
0:  * Loss 2.666 Acc@1 16.257 Acc@5 62.859
0:  * Loss 2.665 Acc@1 16.236 Acc@5 62.925
0:  * Loss 2.663 Acc@1 16.284 Acc@5 63.007
0:  * Loss 2.662 Acc@1 16.280 Acc@5 63.054
0:  * Loss 2.663 Acc@1 16.243 Acc@5 63.102
0:  * Loss 2.662 Acc@1 16.257 Acc@5 63.148
0:  * Loss 2.661 Acc@1 16.303 Acc@5 63.211
0:  * Loss 2.657 Acc@1 16.382 Acc@5 63.322
0:  * Loss 2.657 Acc@1 16.361 Acc@5 63.302
0:  * Loss 2.656 Acc@1 16.325 Acc@5 63.363
0:  * Loss 2.658 Acc@1 16.289 Acc@5 63.342
0:  * Loss 2.656 Acc@1 16.302 Acc@5 63.402
0:  * Loss 2.653 Acc@1 16.362 Acc@5 63.478
0:  * Loss 2.650 Acc@1 16.454 Acc@5 63.504
0:  * Loss 2.649 Acc@1 16.513 Acc@5 63.515
0:  * Loss 2.649 Acc@1 16.509 Acc@5 63.494
0:  * Loss 2.647 Acc@1 16.567 Acc@5 63.552
0:  * Loss 2.645 Acc@1 16.578 Acc@5 63.562
0:  * Loss 2.644 Acc@1 16.636 Acc@5 63.604
0:  * Loss 2.641 Acc@1 16.739 Acc@5 63.676
0:  * Loss 2.640 Ac
0: c@1 16.795 Acc@5 63.685
0: 
0:  * Loss 2.643 Acc@1 16.759 Acc@5 63.664
0:  * Loss 2.642 Acc@1 16.784 Acc@5 63.704
0:  * Loss 2.642 Acc@1 16.839 Acc@5 63.698
0:  * Loss 2.640 Acc@1 16.863 Acc@5 63.798
0:  * Loss 2.639 Acc@1 16.857 Acc@5 63.807
0:  * Loss 2.638 Acc@1 16.821 Acc@5 63.861
0:  * Loss 2.637 Acc@1 16.860 Acc@5 63.824
0:  * Loss 2.635 Acc@1 16.899 Acc@5 63.892
0:  * Loss 2.633 Acc@1 16.922 Acc@5 63.930
0:  * Loss 2.631 Acc@1 16.975 Acc@5 63.996
0:  * Loss 2.629 Acc@1 17.027 Acc@5 64.062
0:  * Loss 2.628 Acc@1 17.064 Acc@5 64.099
0:  * Loss 2.629 Acc@1 17.028 Acc@5 64.077
0:  * Loss 2.628 Acc@1 17.051 Acc@5 64.142
0:  * Loss 2.626 Acc@1 17.116 Acc@5 64.192
0:  * Loss 2.624 Acc@1 17.109 Acc@5 64.170
0:  * Loss 2.624 Acc@1 17.131 Acc@5 64.190
0:  * Loss 2.623 Acc@1 17.166 Acc@5 64.225
0:  * Loss 2.620 Acc@1 17.272 Acc@5 64.302
0:  * Loss 2.619 Acc@1 17.251 Acc@5 64.350
0:  * Loss 2.618 Acc@1 17.243 Acc@5 64.383
0:  * Loss 2.617 Acc@1 17.306 Acc@5 64.444
0:  * Loss 2.615 Acc@1 17.312 Acc@5 64.505
0:  * Loss 2.613 Acc@1 17.318 Acc@5 64.565
0:  * Loss 2.610 Acc@1 17.366 Acc@5 64.611
0:  * Loss 2.612 Acc@1 17.
0: 317 Acc@5 64.561
0:  * Loss 2.612 Acc@1 17.351 Acc@5 64.647
0:  * Loss 2.611 Acc@1 17.330 Acc@5 64.665
0:  * Loss 2.610 Acc@1 17.363 Acc@5 64.628
0:  * Loss 2.608 Acc@1 17.382 Acc@5 64.740
0:  * Loss 2.607 Acc@1 17.415 Acc@5 64.757
0:  * Loss 2.606 Acc@1 17.420 Acc@5 64.747
0:  * Loss 2.604 Acc@1 17.492 Acc@5 64.738
0:  * Loss 2.602 Acc@1 17.590 Acc@5 64.847
0:  * Loss 2.602 Acc@1 17.542 Acc@5 64.850
0:  * Loss 2.601 Acc@1 17.560 Acc@5 64.919
0:  * Loss 2.600 Acc@1 17.565 Acc@5 64.948
0:  * Loss 2.598 Acc@1 17.596 Acc@5 65.016
0:  * Loss 2.598 Acc@1 17.601 Acc@5 64.992
0:  * Loss 2.598 Acc@1 17.580 Acc@5 65.046
0:  * Loss 2.597 Acc@1 17.610 Acc@5 65.061
0:  * Loss 2.594 Acc@1 17.666 Acc@5 65.128
0:  * Loss 2.594 Acc@1 17.670 Acc@5 65.155
0:  * Loss 2.593 Acc@1 17.675 Acc@5 65.170
0:  * Loss 2.592 Acc@1 17.692 Acc@5 65.209
0:  * Loss 2.590 Acc@1 17.796 Acc@5 65.274
0:  * Loss 2.588 Acc@1 17.838 Acc@5 65.312
0:  * Loss 2.588 Acc@1 17.829 Acc@5 65.314
0:  * Loss 2.587 Acc@1 17.820 Acc@5 65.352
0:  * Loss 2.586 Acc@1 17.799 Acc@5 65.390
0:  * Loss 2.583 Acc@1 17.876 Acc@5 65.453
0:  * Loss
0:  2.583 Acc@1 17.880 Acc@5 65.453
0:  * Loss 2.582 Acc@1 17.944 Acc@5 65.503
0:  * Loss 2.581 Acc@1 17.960 Acc@5 65.564
0:  * Loss 2.581 Acc@1 17.975 Acc@5 65.540
0:  * Loss 2.581 Acc@1 18.014 Acc@5 65.553
0:  * Loss 2.578 Acc@1 18.041 Acc@5 65.625
0:  * Loss 2.578 Acc@1 18.080 Acc@5 65.673
0:  * Loss 2.577 Acc@1 18.130 Acc@5 65.708
0:  * Loss 2.575 Acc@1 18.215 Acc@5 65.768
0:  * Loss 2.574 Acc@1 18.253 Acc@5 65.826
0:  * Loss 2.573 Acc@1 18.267 Acc@5 65.873
0:  * Loss 2.572 Acc@1 18.268 Acc@5 65.942
0:  * Loss 2.569 Acc@1 18.364 Acc@5 66.011
0:  * Loss 2.566 Acc@1 18.458 Acc@5 66.068
0:  * Loss 2.565 Acc@1 18.471 Acc@5 66.101
0:  * Loss 2.562 Acc@1 18.565 Acc@5 66.204
0:  * Loss 2.561 Acc@1 18.554 Acc@5 66.213
0:  * Loss 2.560 Acc@1 18.612 Acc@5 66.280
0:  * Loss 2.558 Acc@1 18.624 Acc@5 66.335
0:  * Loss 2.558 Acc@1 18.625 Acc@5 66.332
0:  * Loss 2.558 Acc@1 18.659 Acc@5 66.341
0:  * Loss 2.557 Acc@1 18.682 Acc@5 66.361
0:  * Loss 2.555 Acc@1 18.705 Acc@5 66.403
0:  * Loss 2.554 Acc@1 18.716 Acc@5 66.457
0:  * Loss 2.554 Acc@1 18.694 Acc@5 66.510
0:  * Loss 2.552 Acc@1 18.717 Acc@
0: 5 66.585
0:  * Loss 2.551 Acc@1 18.728 Acc@5 66.615
0:  * Loss 2.550 Acc@1 18.783 Acc@5 66.611
0:  * Loss 2.549 Acc@1 18.783 Acc@5 66.619
0:  * Loss 2.548 Acc@1 18.794 Acc@5 66.637
0:  * Loss 2.546 Acc@1 18.838 Acc@5 66.721
0:  * Loss 2.544 Acc@1 18.837 Acc@5 66.750
0:  * Loss 2.543 Acc@1 18.848 Acc@5 66.790
0:  * Loss 2.542 Acc@1 18.869 Acc@5 66.797
0:  * Loss 2.541 Acc@1 18.891 Acc@5 66.825
0:  * Loss 2.541 Acc@1 18.933 Acc@5 66.843
0:  * Loss 2.539 Acc@1 18.965 Acc@5 66.892
0:  * Loss 2.538 Acc@1 18.996 Acc@5 66.877
0:  * Loss 2.535 Acc@1 19.038 Acc@5 66.948
0:  * Loss 2.533 Acc@1 19.048 Acc@5 67.028
0:  * Loss 2.533 Acc@1 19.047 Acc@5 67.034
0:  * Loss 2.533 Acc@1 19.056 Acc@5 67.050
0:  * Loss 2.532 Acc@1 19.087 Acc@5 67.109
0:  * Loss 2.531 Acc@1 19.117 Acc@5 67.104
0:  * Loss 2.529 Acc@1 19.137 Acc@5 67.161
0:  * Loss 2.530 Acc@1 19.146 Acc@5 67.146
0:  * Loss 2.530 Acc@1 19.145 Acc@5 67.182
0:  * Loss 2.530 Acc@1 19.154 Acc@5 67.208
0:  * Loss 2.529 Acc@1 19.204 Acc@5 67.244
0:  * Loss 2.529 Acc@1 19.223 Acc@5 67.270
0:  * Loss 2.528 Acc@1 19.201 Acc@5 67.295
0:  * Loss 2.527 A
0: cc@1 19.271 Acc@5 67.310
0:  * Loss 2.528 Acc@1 19.279 Acc@5 67.315
0:  * Loss 2.526 Acc@1 19.298 Acc@5 67.340
0:  * Loss 2.524 Acc@1 19.357 Acc@5 67.385
0:  * Loss 2.524 Acc@1 19.355 Acc@5 67.389
0:  * Loss 2.524 Acc@1 19.373 Acc@5 67.414
0:  * Loss 2.524 Acc@1 19.371 Acc@5 67.428
0:  * Loss 2.523 Acc@1 19.399 Acc@5 67.462
0:  * Loss 2.521 Acc@1 19.427 Acc@5 67.526
0:  * Loss 2.521 Acc@1 19.435 Acc@5 67.569
0:  * Loss 2.519 Acc@1 19.472 Acc@5 67.633
0:  * Loss 2.519 Acc@1 19.479 Acc@5 67.666
0:  * Loss 2.518 Acc@1 19.526 Acc@5 67.689
0:  * Loss 2.518 Acc@1 19.534 Acc@5 67.702
0:  * Loss 2.517 Acc@1 19.561 Acc@5 67.705
0:  * Loss 2.515 Acc@1 19.616 Acc@5 67.776
0:  * Loss 2.515 Acc@1 19.633 Acc@5 67.789
0:  * Loss 2.514 Acc@1 19.640 Acc@5 67.783
0:  * Loss 2.514 Acc@1 19.618 Acc@5 67.805
0:  * Loss 2.513 Acc@1 19.615 Acc@5 67.798
0:  * Loss 2.514 Acc@1 19.622 Acc@5 67.791
0:  * Loss 2.513 Acc@1 19.658 Acc@5 67.842
0:  * Loss 2.512 Acc@1 19.655 Acc@5 67.883
0:  * Loss 2.511 Acc@1 19.671 Acc@5 67.876
0:  * Loss 2.509 Acc@1 19.716 Acc@5 67.926
0:  * Loss 2.509 Acc@1 19.732 Acc@5 67.966
0: 
0:  * Loss 2.509 Acc@1 19.748 Acc@5 67.941
0:  * Loss 2.509 Acc@1 19.754 Acc@5 67.990
0:  * Loss 2.508 Acc@1 19.807 Acc@5 67.992
0:  * Loss 2.508 Acc@1 19.804 Acc@5 68.013
0:  * Loss 2.507 Acc@1 19.820 Acc@5 68.006
0:  * Loss 2.506 Acc@1 19.835 Acc@5 68.055
0:  * Loss 2.505 Acc@1 19.859 Acc@5 68.057
0:  * Loss 2.505 Acc@1 19.865 Acc@5 68.077
0:  * Loss 2.503 Acc@1 19.862 Acc@5 68.125
0:  * Loss 2.502 Acc@1 19.896 Acc@5 68.136
0:  * Loss 2.501 Acc@1 19.910 Acc@5 68.156
0:  * Loss 2.501 Acc@1 19.907 Acc@5 68.185
0:  * Loss 2.499 Acc@1 19.931 Acc@5 68.214
0:  * Loss 2.499 Acc@1 19.964 Acc@5 68.234
0:  * Loss 2.497 Acc@1 19.987 Acc@5 68.253
0:  * Loss 2.496 Acc@1 19.966 Acc@5 68.300
0:  * Loss 2.494 Acc@1 19.980 Acc@5 68.355
0:  * Loss 2.494 Acc@1 20.013 Acc@5 68.392
0:  * Loss 2.494 Acc@1 20.018 Acc@5 68.429
0:  * Loss 2.495 Acc@1 19.996 Acc@5 68.421
0:  * Loss 2.493 Acc@1 20.011 Acc@5 68.457
0:  * Loss 2.494 Acc@1 20.034 Acc@5 68.458
0:  * Loss 2.493 Acc@1 20.039 Acc@5 68.468
0:  * Loss 2.493 Acc@1 20.018 Acc@5 68.486
0:  * Loss 2.492 Acc@1 20.014 Acc@5 68.522
0:  * Loss 2.490 Acc@1 20.
0: 028 Acc@5 68.584
0:  * Loss 2.490 Acc@1 20.042 Acc@5 68.610
0:  * Loss 2.489 Acc@1 20.056 Acc@5 68.637
0:  * Loss 2.488 Acc@1 20.095 Acc@5 68.681
0:  * Loss 2.487 Acc@1 20.135 Acc@5 68.715
0:  * Loss 2.485 Acc@1 20.192 Acc@5 68.759
0:  * Loss 2.483 Acc@1 20.213 Acc@5 68.793
0:  * Loss 2.482 Acc@1 20.227 Acc@5 68.836
0:  * Loss 2.481 Acc@1 20.248 Acc@5 68.870
0:  * Loss 2.481 Acc@1 20.270 Acc@5 68.861
0:  * Loss 2.481 Acc@1 20.266 Acc@5 68.886
0:  * Loss 2.481 Acc@1 20.287 Acc@5 68.911
0:  * Loss 2.480 Acc@1 20.325 Acc@5 68.894
0:  * Loss 2.478 Acc@1 20.346 Acc@5 68.944
0:  * Loss 2.477 Acc@1 20.350 Acc@5 68.977
0:  * Loss 2.475 Acc@1 20.397 Acc@5 69.027
0:  * Loss 2.475 Acc@1 20.417 Acc@5 69.043
0:  * Loss 2.475 Acc@1 20.413 Acc@5 69.076
0:  * Loss 2.476 Acc@1 20.425 Acc@5 69.067
0:  * Loss 2.476 Acc@1 20.429 Acc@5 69.082
0:  * Loss 2.474 Acc@1 20.449 Acc@5 69.131
0:  * Loss 2.473 Acc@1 20.486 Acc@5 69.147
0:  * Loss 2.472 Acc@1 20.523 Acc@5 69.171
0:  * Loss 2.472 Acc@1 20.535 Acc@5 69.186
0:  * Loss 2.471 Acc@1 20.546 Acc@5 69.201
0:  * Loss 2.469 Acc@1 20.558 Acc@5 69.257
0:  * Loss
0:  2.470 Acc@1 20.594 Acc@5 69.280
0:  * Loss 2.469 Acc@1 20.622 Acc@5 69.328
0:  * Loss 2.467 Acc@1 20.657 Acc@5 69.367
0:  * Loss 2.467 Acc@1 20.636 Acc@5 69.373
0:  * Loss 2.466 Acc@1 20.656 Acc@5 69.420
0:  * Loss 2.465 Acc@1 20.691 Acc@5 69.459
0:  * Loss 2.463 Acc@1 20.710 Acc@5 69.473
0:  * Loss 2.463 Acc@1 20.721 Acc@5 69.479
0:  * Loss 2.462 Acc@1 20.748 Acc@5 69.509
0:  * Loss 2.462 Acc@1 20.767 Acc@5 69.539
0:  * Loss 2.461 Acc@1 20.770 Acc@5 69.561
0:  * Loss 2.460 Acc@1 20.788 Acc@5 69.559
0:  * Loss 2.460 Acc@1 20.799 Acc@5 69.581
0:  * Loss 2.461 Acc@1 20.778 Acc@5 69.594
0:  * Loss 2.461 Acc@1 20.804 Acc@5 69.608
0:  * Loss 2.460 Acc@1 20.799 Acc@5 69.629
0:  * Loss 2.460 Acc@1 20.794 Acc@5 69.651
0:  * Loss 2.458 Acc@1 20.820 Acc@5 69.695
0:  * Loss 2.458 Acc@1 20.831 Acc@5 69.693
0:  * Loss 2.456 Acc@1 20.888 Acc@5 69.729
0:  * Loss 2.456 Acc@1 20.875 Acc@5 69.735
0:  * Loss 2.455 Acc@1 20.877 Acc@5 69.740
0:  * Loss 2.455 Acc@1 20.895 Acc@5 69.769
0:  * Loss 2.454 Acc@1 20.913 Acc@5 69.797
0:  * Loss 2.453 Acc@1 20.915 Acc@5 69.817
0:  * Loss 2.452 Acc@1 20.933 Acc@
0: 5 69.853
0: 
0:  * Loss 2.452 Acc@1 20.905 Acc@5 69.873
0:  * Loss 2.452 Acc@1 20.922 Acc@5 69.855
0:  * Loss 2.451 Acc@1 20.963 Acc@5 69.921
0:  * Loss 2.451 Acc@1 20.965 Acc@5 69.933
0:  * Loss 2.450 Acc@1 20.959 Acc@5 69.961
0:  * Loss 2.449 Acc@1 20.962 Acc@5 69.988
0:  * Loss 2.449 Acc@1 20.964 Acc@5 69.992
0:  * Loss 2.448 Acc@1 21.004 Acc@5 70.065
0:  * Loss 2.447 Acc@1 21.021 Acc@5 70.106
0:  * Loss 2.446 Acc@1 21.053 Acc@5 70.133
0:  * Loss 2.446 Acc@1 21.055 Acc@5 70.167
0:  * Loss 2.445 Acc@1 21.049 Acc@5 70.186
0:  * Loss 2.445 Acc@1 21.081 Acc@5 70.197
0:  * Loss 2.444 Acc@1 21.090 Acc@5 70.224
0:  * Loss 2.443 Acc@1 21.121 Acc@5 70.250
0:  * Loss 2.442 Acc@1 21.145 Acc@5 70.290
0:  * Loss 2.442 Acc@1 21.162 Acc@5 70.272
0:  * Loss 2.441 Acc@1 21.193 Acc@5 70.298
0:  * Loss 2.441 Acc@1 21.187 Acc@5 70.323
0:  * Loss 2.441 Acc@1 21.181 Acc@5 70.327
0:  * Loss 2.441 Acc@1 21.161 Acc@5 70.316
0:  * Loss 2.441 Acc@1 21.177 Acc@5 70.334
0:  * Loss 2.441 Acc@1 21.201 Acc@5 70.345
0:  * Loss 2.439 Acc@1 21.246 Acc@5 70.349
0:  * Loss 2.439 Acc@1 21.262 Acc@5 70.359
0:  * Loss 2.439 Acc@1 21.
0: 270 Acc@5 70.370
0:  * Loss 2.439 Acc@1 21.257 Acc@5 70.388
0:  * Loss 2.438 Acc@1 21.273 Acc@5 70.377
0:  * Loss 2.438 Acc@1 21.281 Acc@5 70.388
0:  * Loss 2.438 Acc@1 21.261 Acc@5 70.412
0:  * Loss 2.438 Acc@1 21.263 Acc@5 70.451
0:  * Loss 2.437 Acc@1 21.278 Acc@5 70.476
0:  * Loss 2.436 Acc@1 21.308 Acc@5 70.507
0:  * Loss 2.435 Acc@1 21.331 Acc@5 70.532
0:  * Loss 2.434 Acc@1 21.367 Acc@5 70.549
0:  * Loss 2.434 Acc@1 21.361 Acc@5 70.559
0:  * Loss 2.433 Acc@1 21.412 Acc@5 70.576
0:  * Loss 2.432 Acc@1 21.427 Acc@5 70.607
0:  * Loss 2.431 Acc@1 21.435 Acc@5 70.624
0:  * Loss 2.431 Acc@1 21.422 Acc@5 70.585
0:  * Loss 2.430 Acc@1 21.450 Acc@5 70.629
0:  * Loss 2.429 Acc@1 21.479 Acc@5 70.639
0:  * Loss 2.429 Acc@1 21.480 Acc@5 70.649
0:  * Loss 2.429 Acc@1 21.481 Acc@5 70.672
0:  * Loss 2.428 Acc@1 21.475 Acc@5 70.675
0:  * Loss 2.428 Acc@1 21.462 Acc@5 70.698
0:  * Loss 2.426 Acc@1 21.477 Acc@5 70.714
0:  * Loss 2.425 Acc@1 21.525 Acc@5 70.751
0:  * Loss 2.425 Acc@1 21.540 Acc@5 70.760
0:  * Loss 2.424 Acc@1 21.527 Acc@5 70.783
0:  * Loss 2.423 Acc@1 21.541 Acc@5 70.833
0:  * Loss
0:  2.422 Acc@1 21.556 Acc@5 70.856
0:  * Loss 2.422 Acc@1 21.577 Acc@5 70.879
0:  * Loss 2.422 Acc@1 21.598 Acc@5 70.881
0:  * Loss 2.422 Acc@1 21.592 Acc@5 70.863
0:  * Loss 2.422 Acc@1 21.599 Acc@5 70.871
0:  * Loss 2.422 Acc@1 21.613 Acc@5 70.867
0:  * Loss 2.422 Acc@1 21.620 Acc@5 70.862
0:  * Loss 2.422 Acc@1 21.621 Acc@5 70.878
0:  * Loss 2.421 Acc@1 21.655 Acc@5 70.893
0:  * Loss 2.421 Acc@1 21.675 Acc@5 70.896
0:  * Loss 2.420 Acc@1 21.695 Acc@5 70.878
0:  * Loss 2.420 Acc@1 21.702 Acc@5 70.893
0:  * Loss 2.419 Acc@1 21.723 Acc@5 70.922
0:  * Loss 2.419 Acc@1 21.743 Acc@5 70.917
0:  * Loss 2.419 Acc@1 21.756 Acc@5 70.926
0:  * Loss 2.418 Acc@1 21.783 Acc@5 70.934
0:  * Loss 2.417 Acc@1 21.783 Acc@5 70.956
0:  * Loss 2.417 Acc@1 21.809 Acc@5 70.977
0:  * Loss 2.418 Acc@1 21.797 Acc@5 70.966
0:  * Loss 2.418 Acc@1 21.797 Acc@5 70.988
0:  * Loss 2.417 Acc@1 21.784 Acc@5 71.029
0:  * Loss 2.417 Acc@1 21.765 Acc@5 71.024
0:  * Loss 2.417 Acc@1 21.752 Acc@5 71.039
0:  * Loss 2.417 Acc@1 21.752 Acc@5 71.066
0:  * Loss 2.415 Acc@1 21.765 Acc@5 71.094
0:  * Loss 2.414 Acc@1 21.778 Acc@
0: 5 71.128
0:  * Loss 2.414 Acc@1 21.824 Acc@5 71.168
0:  * Loss 2.415 Acc@1 21.837 Acc@5 71.156
0:  * Loss 2.415 Acc@1 21.837 Acc@5 71.171
0:  * Loss 2.414 Acc@1 21.849 Acc@5 71.172
0:  * Loss 2.413 Acc@1 21.875 Acc@5 71.193
0:  * Loss 2.414 Acc@1 21.888 Acc@5 71.194
0:  * Loss 2.414 Acc@1 21.894 Acc@5 71.202
0:  * Loss 2.414 Acc@1 21.900 Acc@5 71.216
0:  * Loss 2.413 Acc@1 21.919 Acc@5 71.242
0:  * Loss 2.413 Acc@1 21.907 Acc@5 71.250
0:  * Loss 2.412 Acc@1 21.907 Acc@5 71.270
0:  * Loss 2.413 Acc@1 21.913 Acc@5 71.278
0:  * Loss 2.412 Acc@1 21.938 Acc@5 71.310
0:  * Loss 2.411 Acc@1 21.956 Acc@5 71.324
0:  * Loss 2.411 Acc@1 21.963 Acc@5 71.344
0:  * Loss 2.410 Acc@1 21.975 Acc@5 71.370
0:  * Loss 2.409 Acc@1 22.006 Acc@5 71.383
0:  * Loss 2.409 Acc@1 21.987 Acc@5 71.384
0:  * Loss 2.408 Acc@1 22.024 Acc@5 71.416
0:  * Loss 2.408 Acc@1 22.030 Acc@5 71.442
0:  * Loss 2.407 Acc@1 22.036 Acc@5 71.461
0:  * Loss 2.407 Acc@1 22.041 Acc@5 71.437
0:  * Loss 2.406 Acc@1 22.047 Acc@5 71.475
0:  * Loss 2.406 Acc@1 22.041 Acc@5 71.500
0:  * Loss 2.405 Acc@1 22.071 Acc@5 71.526
0:  * Loss 2.405 A
0: cc@1 22.065 Acc@5 71.533
0:  * Loss 2.404 Acc@1 22.058 Acc@5 71.570
0:  * Loss 2.404 Acc@1 22.070 Acc@5 71.577
0:  * Loss 2.404 Acc@1 22.063 Acc@5 71.601
0:  * Loss 2.405 Acc@1 22.093 Acc@5 71.614
0:  * Loss 2.404 Acc@1 22.105 Acc@5 71.633
0:  * Loss 2.404 Acc@1 22.099 Acc@5 71.639
0:  * Loss 2.405 Acc@1 22.110 Acc@5 71.646
0:  * Loss 2.404 Acc@1 22.110 Acc@5 71.658
0:  * Loss 2.403 Acc@1 22.121 Acc@5 71.689
0:  * Loss 2.403 Acc@1 22.139 Acc@5 71.701
0:  * Loss 2.402 Acc@1 22.144 Acc@5 71.725
0:  * Loss 2.401 Acc@1 22.150 Acc@5 71.738
0:  * Loss 2.401 Acc@1 22.167 Acc@5 71.726
0:  * Loss 2.401 Acc@1 22.220 Acc@5 71.762
0:  * Loss 2.400 Acc@1 22.237 Acc@5 71.774
0:  * Loss 2.400 Acc@1 22.243 Acc@5 71.786
0:  * Loss 2.399 Acc@1 22.266 Acc@5 71.792
0:  * Loss 2.399 Acc@1 22.277 Acc@5 71.798
0:  * Loss 2.398 Acc@1 22.305 Acc@5 71.822
0:  * Loss 2.397 Acc@1 22.316 Acc@5 71.834
0:  * Loss 2.397 Acc@1 22.321 Acc@5 71.852
0:  * Loss 2.396 Acc@1 22.315 Acc@5 71.881
0:  * Loss 2.396 Acc@1 22.320 Acc@5 71.893
0:  * Loss 2.395 Acc@1 22.331 Acc@5 71.898
0:  * Loss 2.395 Acc@1 22.341 Acc@5 71.892
0: 
0:  * Loss 2.395 Acc@1 22.346 Acc@5 71.910
0:  * Loss 2.394 Acc@1 22.369 Acc@5 71.910
0:  * Loss 2.393 Acc@1 22.397 Acc@5 71.939
0:  * Loss 2.393 Acc@1 22.419 Acc@5 71.950
0:  * Loss 2.392 Acc@1 22.424 Acc@5 71.950
0:  * Loss 2.392 Acc@1 22.440 Acc@5 71.944
0:  * Loss 2.393 Acc@1 22.451 Acc@5 71.950
0:  * Loss 2.392 Acc@1 22.461 Acc@5 71.973
0:  * Loss 2.392 Acc@1 22.454 Acc@5 71.972
0:  * Loss 2.391 Acc@1 22.470 Acc@5 71.989
0:  * Loss 2.390 Acc@1 22.481 Acc@5 72.012
0:  * Loss 2.391 Acc@1 22.491 Acc@5 72.029
0:  * Loss 2.391 Acc@1 22.495 Acc@5 72.046
0:  * Loss 2.390 Acc@1 22.494 Acc@5 72.057
0:  * Loss 2.390 Acc@1 22.493 Acc@5 72.062
0:  * Loss 2.389 Acc@1 22.543 Acc@5 72.090
0:  * Loss 2.389 Acc@1 22.547 Acc@5 72.084
0:  * Loss 2.389 Acc@1 22.569 Acc@5 72.106
0:  * Loss 2.388 Acc@1 22.556 Acc@5 72.117
0:  * Loss 2.388 Acc@1 22.566 Acc@5 72.145
0:  * Loss 2.388 Acc@1 22.571 Acc@5 72.156
0:  * Loss 2.388 Acc@1 22.569 Acc@5 72.161
0:  * Loss 2.389 Acc@1 22.563 Acc@5 72.149
0:  * Loss 2.389 Acc@1 22.567 Acc@5 72.137
0:  * Loss 2.388 Acc@1 22.599 Acc@5 72.159
0:  * Loss 2.389 Acc@1 22.
0: 592 Acc@5 72.164
0:  * Loss 2.388 Acc@1 22.602 Acc@5 72.175
0:  * Loss 2.388 Acc@1 22.612 Acc@5 72.174
0:  * Loss 2.387 Acc@1 22.611 Acc@5 72.179
0:  * Loss 2.388 Acc@1 22.598 Acc@5 72.157
0:  * Loss 2.387 Acc@1 22.625 Acc@5 72.173
0:  * Loss 2.387 Acc@1 22.634 Acc@5 72.167
0:  * Loss 2.387 Acc@1 22.633 Acc@5 72.172
0:  * Loss 2.386 Acc@1 22.648 Acc@5 72.198
0:  * Loss 2.387 Acc@1 22.630 Acc@5 72.192
0:  * Loss 2.387 Acc@1 22.629 Acc@5 72.214
0:  * Loss 2.387 Acc@1 22.633 Acc@5 72.229
0:  * Loss 2.386 Acc@1 22.632 Acc@5 72.262
0:  * Loss 2.386 Acc@1 22.641 Acc@5 72.288
0:  * Loss 2.385 Acc@1 22.662 Acc@5 72.293
0:  * Loss 2.385 Acc@1 22.655 Acc@5 72.276
0:  * Loss 2.385 Acc@1 22.686 Acc@5 72.286
0:  * Loss 2.385 Acc@1 22.717 Acc@5 72.312
0:  * Loss 2.384 Acc@1 22.737 Acc@5 72.333
0:  * Loss 2.384 Acc@1 22.741 Acc@5 72.332
0:  * Loss 2.383 Acc@1 22.788 Acc@5 72.364
0:  * Loss 2.382 Acc@1 22.802 Acc@5 72.379
0:  * Loss 2.382 Acc@1 22.811 Acc@5 72.383
0:  * Loss 2.382 Acc@1 22.821 Acc@5 72.399
0:  * Loss 2.381 Acc@1 22.835 Acc@5 72.398
0:  * Loss 2.380 Acc@1 22.876 Acc@5 72.418
0:  * Loss
0:  2.379 Acc@1 22.874 Acc@5 72.449
0:  * Loss 2.379 Acc@1 22.883 Acc@5 72.443
0:  * Loss 2.378 Acc@1 22.908 Acc@5 72.458
0:  * Loss 2.379 Acc@1 22.896 Acc@5 72.457
0:  * Loss 2.378 Acc@1 22.899 Acc@5 72.477
0:  * Loss 2.378 Acc@1 22.892 Acc@5 72.481
0:  * Loss 2.377 Acc@1 22.917 Acc@5 72.501
0:  * Loss 2.377 Acc@1 22.936 Acc@5 72.505
0:  * Loss 2.376 Acc@1 22.945 Acc@5 72.530
0:  * Loss 2.376 Acc@1 22.948 Acc@5 72.545
0:  * Loss 2.376 Acc@1 22.988 Acc@5 72.565
0:  * Loss 2.375 Acc@1 22.997 Acc@5 72.579
0:  * Loss 2.374 Acc@1 23.010 Acc@5 72.604
0:  * Loss 2.374 Acc@1 23.019 Acc@5 72.608
0:  * Loss 2.373 Acc@1 23.027 Acc@5 72.628
0:  * Loss 2.372 Acc@1 23.051 Acc@5 72.658
0:  * Loss 2.371 Acc@1 23.055 Acc@5 72.682
0:  * Loss 2.371 Acc@1 23.068 Acc@5 72.707
0:  * Loss 2.370 Acc@1 23.056 Acc@5 72.721
0:  * Loss 2.370 Acc@1 23.080 Acc@5 72.740
0:  * Loss 2.369 Acc@1 23.103 Acc@5 72.764
0:  * Loss 2.368 Acc@1 23.142 Acc@5 72.783
0:  * Loss 2.369 Acc@1 23.140 Acc@5 72.766
0:  * Loss 2.368 Acc@1 23.154 Acc@5 72.765
0:  * Loss 2.368 Acc@1 23.146 Acc@5 72.784
0:  * Loss 2.367 Acc@1 23.160 Acc@
0: 5 72.808
